128076
113604
128122
113579
127033
113594
127014
113630
110082
123125
113578
128143
123082
123010
123087
113516
128095
128025
127007
113017
128044
128050
128111
113052
128041
123027
123043
113537
128106
127011
123042
123070
123086
123111
113016
127029
123078
127013
113638
123054
128091
113027
123083
113026
118002
113620
128022
123024
113626
128094
110066
113601
123046
113576
113534
113629
113591
123064
113049
127040
123130
113550
113047
123093
110052
110074
113548
110053
123015
123133
123035
128093
128033
113577
110081
127038
118000
113549
127030
127027
113051
128017
123092
118001
123022
128101
110048
128128
127042
123121
123131
110044
113050
123107
128046
113616
123012
123071
127045
113637
123013
110055
113602
128015
128082
123084
123127
123075
123114
123073
113623
128048
113593
123108
113025
123089
113582
110038
113585
123085
123059
128085
127043
113048
127018
110043
113565
113568
123077
128103
113039
123112
128127
128081
128100
113525
123031
110077
128083
128062
123052
128125
127049
128096
110071
113527
113621
123063
123106
113563
123119
123116
123067
113033
113567
123110
127028
123057
113541
123113
113609
127052杭锅转债
113615
128053
123097
128023
123034
123060
128107
113600
128132
128069
128134
128133
128140
128136
110064
113635
128113
113024
128021
128119
123135
110075
113632
128040
113504
128037
123109
113610
123134
113588
111000
123105
128087
123104
128139
128036
110057
128078
123123
128114